42
18468
6335
6501
19170
15725
11479
9359
6963
4465
5706
8146
3282
16828
9962
492
2996
11943
4828
5437
12392
14605
3903
154
293
12383
17422
18717
19719
19896
5448
1727
14772
11539
1870
19913
5668
6300
17036
9895
8704
3812
11323
10334
17674
4665
15142
7712
8254
6869
5548
7645
12663
12758
38
12860
8724
9742
7530
779
12317
3036
2191
1843
289
10107
9041
8943
19265
2649
7447
3806
15891
6730
4371
15351
15007
11102
4394
3549
19630
12624
4085
19955
18757
11841
4967
7377
13932
6309
16945
12440
4627
11324
5538
1539
16119
2083
2930
16542
